date,Coronavirus,SARS-CoV-2,Sintomi Covid,Vaccino Covid-19,Terapia Intensiva
2020-01-01,,,,,
2020-01-02,,,,,
2020-01-03,,,,,
2020-01-04,,,,,
2020-01-05,0.0,,,,1.1099999999999999
2020-01-06,0.0,,,,1.08
2020-01-07,0.0,,,,1.77
2020-01-08,0.0,,,,2.04
2020-01-09,0.0,,,,2.34
2020-01-10,0.0,,,,2.37
2020-01-11,0.0,,,,1.1099999999999999
2020-01-12,0.0,,,,0.9
2020-01-13,0.0,,,,0.76
2020-01-14,0.0,,,,1.62
2020-01-15,0.0,,,,1.16
2020-01-16,0.0,,,,0.68
2020-01-17,0.0,,,,1.4000000000000001
2020-01-18,0.0,,,,0.92
2020-01-19,0.0,,,,0.52
2020-01-20,0.0,,,,1.62
2020-01-21,0.02,,,,0.66
2020-01-22,0.03,,,,1.0
2020-01-23,0.07,,,,0.84
2020-01-24,0.08,,,,0.84
2020-01-25,0.13,,,,2.0
2020-01-26,1.82,,,,1.84
2020-01-27,1.82,,,,0.32
2020-01-28,4.42,,,,0.8
2020-01-29,4.16,,,,1.1400000000000001
2020-01-30,8.450000000000001,,,,0.8200000000000001
2020-01-31,13.0,,,,1.02
2020-02-01,1.56,,,,0.32
2020-02-02,0.49000000000000005,0.0,0.0,0.0,0.3
2020-02-03,0.35000000000000003,0.0,0.0,0.0,0.14
2020-02-04,0.28,0.0,0.0,0.0,0.26
2020-02-05,0.28,0.0,0.0,0.0,0.18
2020-02-06,0.28,0.0,0.0,0.0,0.06
2020-02-07,0.28,0.0,0.0,0.0,0.16
2020-02-08,0.21000000000000002,0.0,0.0,0.0,0.14
2020-02-09,0.18,0.0,0.0,0.0,0.27
2020-02-10,0.24,0.0,0.0,0.0,0.44999999999999996
2020-02-11,0.24,0.0,0.0,0.0,0.44999999999999996
2020-02-12,0.24,0.22,0.0,0.0,0.18
2020-02-13,0.18,0.0,0.0,0.0,0.32999999999999996
2020-02-14,0.18,0.0,0.0,0.0,0.18
2020-02-15,0.18,0.0,0.0,0.0,0.27
2020-02-16,0.6900000000000001,0.0,0.0,0.0,0.4
2020-02-17,0.6900000000000001,0.0,0.0,0.0,0.56
2020-02-18,0.6900000000000001,0.0,0.03,0.0,0.56
2020-02-19,0.46,0.0,0.08,0.0,0.48
2020-02-20,0.46,0.44,0.0,0.0,0.44
2020-02-21,8.05,0.44,0.38,0.0,0.76
2020-02-22,17.02,0.0,0.48,0.0,1.0
2020-02-23,87.0,4.5,3.0,0.0,15.3
2020-02-24,78.3,6.1000000000000005,1.02,0.0,8.5
2020-02-25,66.99,10.0,1.14,0.0,9.350000000000001
2020-02-26,51.33,3.9000000000000004,1.89,0.0,8.16
2020-02-27,44.37,0.0,1.3199999999999998,0.0,10.200000000000001
2020-02-28,35.67,0.0,0.9299999999999999,0.0,12.07
2020-02-29,38.28,2.3000000000000003,1.5,0.0,17.0
2020-03-01,33.32,2.2,1.28,0.0,6.3
2020-03-02,32.64,4.0,1.76,0.18,7.56
2020-03-03,36.04,4.0,1.76,0.0,6.72
2020-03-04,51.68000000000001,6.6000000000000005,3.2800000000000002,0.0,8.4
2020-03-05,44.88,5.0,4.72,0.0,14.7
2020-03-06,46.92,6.2,5.28,0.37,20.58
2020-03-07,57.120000000000005,6.6000000000000005,6.88,0.4,25.619999999999997
2020-03-08,94.0,7.48,13.020000000000001,1.58,93.0
2020-03-09,99.0,19.040000000000003,12.180000000000001,2.0,100.0
2020-03-10,94.0,12.920000000000002,9.8,1.04,81.0
2020-03-11,100.0,22.1,10.22,0.34,61.0
2020-03-12,91.0,12.920000000000002,11.760000000000002,0.0,47.0
2020-03-13,83.0,11.56,10.780000000000001,0.0,49.0
2020-03-14,79.0,11.22,10.500000000000002,0.4,59.0
2020-03-15,63.910000000000004,7.48,11.4,0.0,48.64
2020-03-16,55.44,9.860000000000001,11.549999999999999,0.0,29.44
2020-03-17,51.59,34.0,11.1,0.0,30.72
2020-03-18,53.9,8.16,11.85,0.52,23.04
2020-03-19,52.36,13.260000000000002,11.25,0.0,23.68
2020-03-20,53.9,12.920000000000002,15.0,0.51,25.6
2020-03-21,56.21,13.940000000000001,13.35,0.0,23.04
2020-03-22,45.26,13.3,13.020000000000001,0.54,15.99
2020-03-23,36.58,15.96,10.920000000000002,0.15,11.700000000000001
2020-03-24,34.72,12.16,12.040000000000001,0.17,10.14
2020-03-25,32.86,14.06,9.66,0.33,9.75
2020-03-26,32.86,20.9,10.920000000000002,0.0,8.97
2020-03-27,32.24,25.080000000000002,10.360000000000001,0.31,9.75
2020-03-28,32.86,24.32,9.940000000000001,0.19,9.36
2020-03-29,24.5,6.3,10.34,0.0,4.94
2020-03-30,21.07,14.7,7.48,0.64,4.68
2020-03-31,19.6,16.2,8.14,1.62,5.2
2020-04-01,33.32,17.4,9.57,0.0,9.88
2020-04-02,31.849999999999998,12.0,9.9,0.28,10.14
2020-04-03,39.2,16.8,9.35,0.9,8.58
2020-04-04,49.0,11.7,9.02,0.66,9.1
2020-04-05,41.71,20.46,9.0,2.0,10.729999999999999
2020-04-06,29.24,17.490000000000002,8.1,0.28,28.999999999999996
2020-04-07,27.95,18.150000000000002,7.56,0.6,12.18
2020-04-08,26.66,20.790000000000003,6.029999999999999,0.9,6.09
2020-04-09,26.66,26.400000000000002,6.21,0.62,6.67
2020-04-10,25.8,22.11,6.39,0.64,5.51
2020-04-11,25.8,10.56,8.1,0.34,7.829999999999999
2020-04-12,24.7,11.610000000000001,7.68,1.86,4.760000000000001
2020-04-13,26.6,12.96,5.84,0.0,5.95
2020-04-14,23.18,5.4,5.44,0.56,3.4000000000000004
2020-04-15,21.28,16.200000000000003,5.12,0.86,3.2300000000000004
2020-04-16,20.14,14.580000000000002,5.68,0.58,2.89
2020-04-17,20.9,14.850000000000001,6.0,0.88,3.91
2020-04-18,30.02,14.580000000000002,5.2,0.32,3.2300000000000004
2020-04-19,23.87,18.45,4.970000000000001,0.64,2.2
2020-04-20,15.5,33.21,4.130000000000001,1.34,1.98
2020-04-21,14.879999999999999,34.44,4.48,0.8200000000000001,1.87
2020-04-22,15.19,41.0,4.130000000000001,1.1400000000000001,1.54
2020-04-23,13.64,38.129999999999995,4.340000000000001,0.0,1.43
2020-04-24,13.95,26.24,3.7100000000000004,0.3,1.54
2020-04-25,13.95,9.43,3.8500000000000005,0.0,1.43
2020-04-26,14.560000000000002,16.43,2.6999999999999997,0.16,1.9600000000000002
2020-04-27,12.88,10.23,3.36,0.29,1.8200000000000003
2020-04-28,12.040000000000001,26.04,3.1799999999999997,0.28,2.9400000000000004
2020-04-29,11.760000000000002,26.66,4.32,0.28,3.6400000000000006
2020-04-30,10.920000000000002,18.6,3.0,0.14,3.08
2020-05-01,26.040000000000003,6.82,4.02,0.23,13.020000000000001
2020-05-02,27.720000000000002,13.64,3.54,0.68,9.100000000000001
2020-05-03,25.0,4.65,6.640000000000001,0.0,6.4799999999999995
2020-05-04,22.0,14.879999999999999,6.0,0.42,4.5
2020-05-05,20.75,17.669999999999998,6.0,0.39,2.9699999999999998
2020-05-06,20.0,24.49,6.24,0.0,7.29
2020-05-07,19.75,17.36,8.0,0.43,4.41
2020-05-08,19.5,24.18,4.64,0.0,8.28
2020-05-09,20.5,12.709999999999999,6.08,0.0,5.9399999999999995
2020-05-10,18.92,31.24,5.32,0.0,6.4799999999999995
2020-05-11,14.74,24.64,4.340000000000001,0.78,4.59
2020-05-12,15.18,37.4,5.6000000000000005,0.8,5.3999999999999995
2020-05-13,15.84,28.6,3.43,0.8,4.77
2020-05-14,15.4,29.48,4.69,1.6600000000000001,4.5
2020-05-15,14.74,40.92,4.550000000000001,0.0,6.4799999999999995
2020-05-16,16.06,44.0,5.180000000000001,0.9400000000000001,9.0
2020-05-17,13.68,10.4,7.000000000000001,0.5,3.7800000000000002
2020-05-18,11.52,19.240000000000002,5.180000000000001,1.6600000000000001,3.2900000000000005
2020-05-19,9.9,10.14,4.130000000000001,2.0,2.87
2020-05-20,10.26,7.0200000000000005,4.340000000000001,0.42,3.2900000000000005
2020-05-21,9.54,18.2,4.130000000000001,0.86,3.08
2020-05-22,9.36,9.36,4.550000000000001,0.9,2.1
2020-05-23,9.9,8.84,4.760000000000001,1.58,4.41
2020-05-24,9.299999999999999,15.860000000000001,4.14,0.8,2.94
2020-05-25,7.35,5.46,3.6599999999999997,0.21,1.56
2020-05-26,7.199999999999999,15.860000000000001,4.2,0.42,1.44
2020-05-27,7.35,12.48,3.9,0.42,2.88
2020-05-28,7.6499999999999995,12.48,3.54,0.0,3.06
2020-05-29,7.35,18.46,3.2399999999999998,0.0,4.14
2020-05-30,7.199999999999999,4.16,3.12,0.25,2.76
2020-05-31,6.63,7.14,2.5,0.52,5.6000000000000005
2020-06-01,11.05,17.22,2.9000000000000004,0.24,5.11
2020-06-02,13.0,4.83,4.0,0.28,2.7300000000000004
2020-06-03,10.790000000000001,21.0,3.2,0.0,3.5700000000000003
2020-06-04,9.88,11.129999999999999,2.95,0.0,2.3800000000000003
2020-06-05,10.01,3.9899999999999998,2.6500000000000004,0.22,1.8200000000000003
2020-06-06,11.440000000000001,4.83,3.1500000000000004,0.55,3.2900000000000005
2020-06-07,9.46,10.58,4.3,0.8200000000000001,3.6599999999999997
2020-06-08,7.92,10.120000000000001,3.2,0.0,3.2399999999999998
2020-06-09,7.7,12.65,3.3000000000000003,0.0,2.6399999999999997
2020-06-10,7.37,20.240000000000002,4.15,0.0,2.52
2020-06-11,7.59,20.01,3.1500000000000004,0.23,2.52
2020-06-12,7.59,7.13,3.9000000000000004,0.0,0.96
2020-06-13,8.14,8.05,3.6500000000000004,0.28,2.6399999999999997
2020-06-14,7.800000000000001,0.0,4.6000000000000005,0.0,4.68
2020-06-15,6.6000000000000005,5.5,3.7,0.96,5.49
2020-06-16,6.300000000000001,3.19,3.25,0.46,4.41
2020-06-17,6.300000000000001,3.3,3.4000000000000004,1.42,4.77
2020-06-18,6.5,3.41,3.2,0.0,9.0
2020-06-19,6.7,2.31,3.45,1.52,7.739999999999999
2020-06-20,6.2,1.32,3.6500000000000004,1.74,4.14
2020-06-21,6.5,0.0,5.0,1.18,1.75
2020-06-22,6.0,2.2,3.95,0.0,1.6500000000000001
2020-06-23,6.4,8.03,3.4000000000000004,0.5,1.85
2020-06-24,6.9,1.1,2.75,2.0,1.85
2020-06-25,7.0,3.52,4.1000000000000005,1.02,1.75
2020-06-26,7.1000000000000005,3.63,3.95,0.52,2.25
2020-06-27,7.1000000000000005,2.75,2.5500000000000003,1.8,1.75
2020-06-28,6.6000000000000005,2.04,3.95,0.29,1.7000000000000002
2020-06-29,5.7,9.01,3.75,0.0,2.3000000000000003
2020-06-30,5.6000000000000005,7.140000000000001,3.3000000000000003,0.5,1.2000000000000002
2020-07-01,7.7,3.5700000000000003,1.5,0.34,1.9500000000000002
2020-07-02,7.800000000000001,12.41,1.5,0.0,2.1
2020-07-03,9.0,9.180000000000001,1.85,0.0,3.0500000000000003
2020-07-04,9.4,4.08,1.35,0.39,2.8000000000000003
2020-07-05,9.0,5.32,1.75,0.81,2.28
2020-07-06,7.92,4.48,1.75,0.34,3.84
2020-07-07,7.29,4.340000000000001,1.4500000000000002,1.0,3.12
2020-07-08,6.4799999999999995,1.54,1.35,0.6900000000000001,4.14
2020-07-09,6.66,7.700000000000001,2.0,0.36,2.04
2020-07-10,7.56,4.760000000000001,1.6,0.37,4.62
2020-07-11,7.02,5.32,1.75,0.0,4.32
2020-07-12,8.1,2.21,3.52,0.0,4.9
2020-07-13,7.29,7.3100000000000005,3.12,0.35000000000000003,2.75
2020-07-14,6.3,9.01,2.32,0.68,1.25
2020-07-15,5.31,5.2700000000000005,4.96,0.0,1.75
2020-07-16,5.58,11.05,4.16,0.35000000000000003,2.2
2020-07-17,6.4799999999999995,7.65,5.6000000000000005,0.0,2.85
2020-07-18,6.84,6.460000000000001,4.96,0.41000000000000003,1.7000000000000002
2020-07-19,7.38,8.19,7.48,0.0,1.75
2020-07-20,6.3,9.24,8.69,0.0,2.5500000000000003
2020-07-21,5.9399999999999995,11.549999999999999,7.7,0.71,1.85
2020-07-22,5.9399999999999995,4.62,7.26,0.35000000000000003,1.4500000000000002
2020-07-23,6.84,21.0,8.69,0.36,2.8000000000000003
2020-07-24,7.02,9.24,6.82,0.0,3.5
2020-07-25,6.66,10.92,8.91,0.0,2.85
2020-07-26,7.6499999999999995,1.43,14.000000000000002,0.0,4.32
2020-07-27,6.21,3.63,13.72,0.72,6.0
2020-07-28,6.029999999999999,3.74,12.740000000000002,0.0,5.12
2020-07-29,6.66,1.21,12.740000000000002,0.36,5.36
2020-07-30,7.38,5.06,13.3,0.0,8.0
2020-07-31,8.19,3.96,12.180000000000001,0.38,6.4
2020-08-01,4.77,1.65,3.22,0.0,1.36
2020-08-02,4.77,1.5,5.22,0.0,0.45
2020-08-03,3.78,4.9,5.3999999999999995,0.0,0.9
2020-08-04,3.51,4.9,5.3999999999999995,0.0,0.6000000000000001
2020-08-05,3.8699999999999997,1.3,5.22,0.0,1.0
2020-08-06,4.5,3.9000000000000004,4.859999999999999,0.0,0.7000000000000001
2020-08-07,5.58,2.6,6.66,0.0,0.8500000000000001
2020-08-08,5.3999999999999995,0.0,7.02,0.0,0.8500000000000001
2020-08-09,6.6,2.88,12.96,0.0,1.8
2020-08-10,5.72,14.219999999999999,10.530000000000001,0.0,1.4000000000000001
2020-08-11,5.94,9.719999999999999,13.23,0.0,2.6
2020-08-12,6.6,7.199999999999999,12.690000000000001,0.0,2.7
2020-08-13,7.81,9.9,12.96,0.0,3.8000000000000003
2020-08-14,8.58,10.26,13.23,0.0,5.6000000000000005
2020-08-15,9.02,9.0,15.120000000000001,0.0,4.1000000000000005
2020-08-16,12.74,7.65,29.11,0.44,17.400000000000002
2020-08-17,10.27,6.630000000000001,24.189999999999998,0.38,9.200000000000001
2020-08-18,8.97,15.81,25.83,0.39,8.200000000000001
2020-08-19,8.84,6.970000000000001,27.88,0.0,9.4
2020-08-20,11.05,4.760000000000001,28.29,0.81,20.0
2020-08-21,11.31,6.970000000000001,31.159999999999997,0.39,14.4
2020-08-22,13.0,7.65,36.08,0.87,9.200000000000001
2020-08-23,10.799999999999999,13.34,39.839999999999996,0.85,5.64
2020-08-24,9.12,8.51,38.4,0.72,3.12
2020-08-25,9.36,20.240000000000002,48.0,0.0,3.7199999999999998
2020-08-26,8.28,14.72,40.32,0.37,4.56
2020-08-27,8.4,11.73,38.4,0.37,3.84
2020-08-28,8.16,23.0,37.92,0.36,5.3999999999999995
2020-08-29,8.28,12.42,35.519999999999996,0.0,4.2
2020-08-30,6.800000000000001,9.84,22.11,0.4,4.55
2020-08-31,6.300000000000001,8.16,18.48,1.0,3.77
2020-09-01,8.4,24.0,24.42,0.19,7.54
2020-09-02,8.0,7.68,26.400000000000002,0.18,8.84
2020-09-03,8.3,21.84,31.35,0.38,10.92
2020-09-04,10.0,16.8,31.68,0.39,12.09
2020-09-05,9.600000000000001,9.36,31.020000000000003,0.0,8.84
2020-09-06,8.01,14.840000000000002,29.7,0.23,10.08
2020-09-07,7.02,24.080000000000002,25.2,0.18,6.4799999999999995
2020-09-08,6.569999999999999,6.16,23.7,0.0,3.12
2020-09-09,6.3,15.680000000000001,24.3,0.19,6.4799999999999995
2020-09-10,6.93,18.48,27.3,0.38,8.879999999999999
2020-09-11,6.84,9.520000000000001,24.3,0.39,12.0
2020-09-12,6.39,7.280000000000001,25.2,0.0,10.32
2020-09-13,5.6000000000000005,22.12,28.999999999999996,0.0,3.92
2020-09-14,5.36,15.680000000000001,22.91,0.19,2.96
2020-09-15,5.04,21.560000000000002,24.939999999999998,0.19,4.4
2020-09-16,4.88,12.600000000000001,22.619999999999997,0.38,4.0
2020-09-17,5.04,12.32,25.81,0.0,3.92
2020-09-18,5.5200000000000005,15.96,21.169999999999998,0.19,3.44
2020-09-19,6.08,10.64,22.619999999999997,0.85,3.2
2020-09-20,4.88,8.280000000000001,24.3,0.8300000000000001,4.5
2020-09-21,4.72,14.030000000000001,22.68,0.35000000000000003,4.95
2020-09-22,4.96,4.6000000000000005,19.17,0.17,3.51
2020-09-23,5.12,0.0,18.630000000000003,0.18,3.5999999999999996
2020-09-24,5.76,14.950000000000001,21.87,0.37,3.78
2020-09-25,5.84,15.64,20.25,0.0,4.14
2020-09-26,5.6000000000000005,8.74,19.17,0.0,4.41
2020-09-27,5.9399999999999995,7.77,27.720000000000002,0.42,4.6000000000000005
2020-09-28,5.9399999999999995,4.83,26.73,0.38,3.8000000000000003
2020-09-29,5.9399999999999995,12.389999999999999,31.35,2.0,8.3
2020-09-30,5.58,7.35,31.020000000000003,0.0,4.1000000000000005
2020-10-01,3.51,9.24,11.22,0.26,1.1
2020-10-02,4.14,8.19,11.88,0.8,1.2000000000000002
2020-10-03,4.41,4.41,13.530000000000001,0.58,1.1
2020-10-04,5.88,7.28,21.599999999999998,0.86,2.5500000000000003
2020-10-05,5.76,8.06,23.04,0.26,3.4000000000000004
2020-10-06,5.52,8.32,22.56,0.26,2.21
2020-10-07,6.4799999999999995,6.5,23.52,0.52,2.5500000000000003
2020-10-08,7.4399999999999995,15.34,26.4,0.54,4.25
2020-10-09,8.04,14.82,27.36,0.58,5.61
2020-10-10,8.4,10.14,33.12,0.64,3.91
2020-10-11,11.040000000000001,6.38,42.21,0.44999999999999996,7.290000000000001
2020-10-12,10.08,5.72,40.32,0.42,5.67
2020-10-13,9.6,5.72,41.58,1.65,6.48
2020-10-14,10.72,7.26,44.1,0.84,8.370000000000001
2020-10-15,12.16,5.72,42.21,0.8099999999999999,11.07
2020-10-16,15.040000000000001,10.56,54.18,3.0,12.96
2020-10-17,12.64,8.14,49.77,0.44999999999999996,11.07
2020-10-18,14.110000000000001,9.99,68.88,0.0,23.5
2020-10-19,11.39,7.0200000000000005,72.97999999999999,0.8200000000000001,15.04
2020-10-20,11.73,10.530000000000001,69.7,0.28,16.45
2020-10-21,13.430000000000001,10.530000000000001,74.61999999999999,0.54,15.04
2020-10-22,13.940000000000001,18.09,77.89999999999999,0.8200000000000001,47.0
2020-10-23,15.3,10.8,76.25999999999999,0.0,39.949999999999996
2020-10-24,17.0,7.5600000000000005,77.08,1.46,34.78
2020-10-25,13.76,12.32,88.2,0.0,26.6
2020-10-26,12.0,44.0,90.0,0.78,15.2
2020-10-27,12.0,19.36,80.10000000000001,0.26,13.3
2020-10-28,12.48,39.6,81.9,1.06,15.58
2020-10-29,12.32,25.96,82.8,0.0,17.1
2020-10-30,12.8,41.8,88.2,0.28,17.86
2020-10-31,13.92,12.76,88.2,0.92,16.34
2020-11-01,14.85,9.18,78.0,0.0,22.400000000000002
2020-11-02,13.799999999999999,10.530000000000001,68.64,0.14,14.560000000000002
2020-11-03,14.25,18.09,72.54,0.14,19.6
2020-11-04,12.75,7.290000000000001,63.18,0.13,20.160000000000004
2020-11-05,11.4,15.39,63.18,0.0,22.680000000000003
2020-11-06,11.4,21.330000000000002,70.98,0.28,16.8
2020-11-07,12.299999999999999,11.88,70.98,0.0,16.240000000000002
2020-11-08,12.9,6.210000000000001,57.800000000000004,2.4299999999999997,20.88
2020-11-09,13.5,27.0,55.760000000000005,3.0,22.619999999999997
2020-11-10,15.0,5.4,59.160000000000004,2.61,17.4
2020-11-11,12.6,18.900000000000002,52.36000000000001,1.29,28.999999999999996
2020-11-12,12.299999999999999,13.770000000000001,53.720000000000006,1.74,17.689999999999998
2020-11-13,12.9,19.17,53.040000000000006,0.0,14.79
2020-11-14,11.85,15.39,51.68000000000001,0.99,18.27
2020-11-15,9.36,2.5300000000000002,42.400000000000006,0.32,12.35
2020-11-16,8.4,17.71,37.63,0.56,6.84
2020-11-17,8.16,4.6000000000000005,33.39,0.56,8.55
2020-11-18,8.52,16.330000000000002,32.33,0.86,10.64
2020-11-19,8.04,9.200000000000001,29.150000000000002,0.28,8.17
2020-11-20,7.319999999999999,20.93,24.380000000000003,0.58,6.65
2020-11-21,6.96,2.5300000000000002,27.03,0.62,5.89
2020-11-22,5.6000000000000005,7.26,18.13,0.47000000000000003,5.3999999999999995
2020-11-23,5.300000000000001,15.4,15.91,0.14,4.2
2020-11-24,5.7,10.78,16.65,0.28,2.76
2020-11-25,5.5,12.76,13.69,0.14,3.36
2020-11-26,5.0,4.4,12.58,0.14,3.0
2020-11-27,5.1000000000000005,4.4,12.95,0.0,2.16
2020-11-28,4.2,7.04,12.95,0.31,2.6399999999999997
2020-11-29,3.52,4.84,11.7,0.32,1.76
2020-11-30,3.36,12.76,9.9,0.0,1.28
2020-12-01,6.72,22.0,19.8,0.0,2.4
2020-12-02,6.8,14.52,22.5,0.2,4.08
2020-12-03,8.0,3.74,17.4,0.98,5.2
2020-12-04,7.36,5.72,20.7,0.8,4.24
2020-12-05,7.04,1.98,22.8,0.44,7.04
2020-12-06,4.9,0.0,21.75,0.22,8.0
2020-12-07,4.69,11.16,20.009999999999998,0.2,3.68
2020-12-08,4.760000000000001,9.719999999999999,19.43,0.84,3.2800000000000002
2020-12-09,4.62,7.56,21.75,0.0,4.72
2020-12-10,4.69,3.06,15.659999999999998,0.58,4.32
2020-12-11,4.69,9.719999999999999,19.72,0.62,4.88
2020-12-12,4.9,5.22,18.56,0.46,5.84
2020-12-13,5.6000000000000005,1.7000000000000002,19.84,0.69,4.2700000000000005
2020-12-14,6.4,8.84,22.94,0.6,2.7300000000000004
2020-12-15,6.4,10.540000000000001,22.01,0.3,3.6400000000000006
2020-12-16,6.4,5.95,19.84,1.5,1.9600000000000002
2020-12-17,6.48,1.53,20.46,0.9299999999999999,3.22
2020-12-18,6.96,6.29,21.39,1.95,5.53
2020-12-19,5.36,6.800000000000001,25.73,0.0,4.550000000000001
2020-12-20,5.880000000000001,17.1,37.62,0.69,2.5200000000000005
2020-12-21,4.970000000000001,5.32,31.92,0.63,3.7800000000000002
2020-12-22,4.48,7.22,26.6,0.99,3.6400000000000006
2020-12-23,4.550000000000001,5.7,32.68,1.74,3.1500000000000004
2020-12-24,4.48,2.09,34.58,0.78,5.250000000000001
2020-12-25,5.32,2.2800000000000002,35.72,0.84,3.5700000000000003
2020-12-26,5.32,9.88,38.0,1.8299999999999998,3.3600000000000003
2020-12-27,4.83,4.930000000000001,31.82,6.0,2.1700000000000004
2020-12-28,4.2,6.12,29.23,1.92,4.550000000000001
2020-12-29,4.2700000000000005,11.05,31.08,3.84,3.99
2020-12-30,4.48,6.630000000000001,32.93,5.3999999999999995,3.9200000000000004
2020-12-31,4.62,3.74,28.49,3.78,3.22
2021-01-01,7.000000000000001,6.460000000000001,34.41,4.62,4.41
2021-01-02,6.65,5.61,37.0,1.74,3.8500000000000005
2021-01-03,6.300000000000001,3.04,29.700000000000003,4.95,5.36
2021-01-04,6.510000000000001,17.48,29.040000000000003,1.3,3.7600000000000002
2021-01-05,6.23,11.59,27.060000000000002,3.0500000000000003,4.96
2021-01-06,6.16,11.78,24.42,0.9,5.28
2021-01-07,6.510000000000001,14.63,27.060000000000002,2.2,4.48
2021-01-08,6.86,9.120000000000001,26.73,5.0,4.4
2021-01-09,6.090000000000001,19.0,27.720000000000002,2.85,4.88
2021-01-10,5.8100000000000005,12.15,20.790000000000003,3.9,6.21
2021-01-11,6.0200000000000005,9.15,17.01,1.02,7.92
2021-01-12,6.0200000000000005,9.15,19.71,5.22,5.58
2021-01-13,6.370000000000001,6.8999999999999995,20.25,2.6399999999999997,9.0
2021-01-14,6.300000000000001,2.4,17.28,4.32,5.22
2021-01-15,6.720000000000001,11.549999999999999,17.01,3.7199999999999998,4.32
2021-01-16,5.8100000000000005,5.3999999999999995,15.120000000000001,2.46,8.01
2021-01-17,5.04,11.879999999999999,17.68,1.12,3.2399999999999998
2021-01-18,4.62,13.86,17.68,1.76,2.88
2021-01-19,4.56,13.68,16.38,1.4000000000000001,2.46
2021-01-20,4.859999999999999,13.68,17.16,2.4,1.92
2021-01-21,4.8,8.28,17.16,0.72,2.82
2021-01-22,4.8,8.28,16.12,1.4000000000000001,4.14
2021-01-23,4.4399999999999995,11.879999999999999,15.860000000000001,1.12,3.06
2021-01-24,4.32,14.110000000000001,17.42,0.0,2.87
2021-01-25,4.4399999999999995,5.2700000000000005,16.64,0.36,5.390000000000001
2021-01-26,4.74,10.370000000000001,18.98,1.04,4.340000000000001
2021-01-27,4.26,10.540000000000001,14.040000000000001,0.36,2.9400000000000004
2021-01-28,4.38,13.600000000000001,16.900000000000002,0.36,4.2700000000000005
2021-01-29,4.5,10.88,15.860000000000001,0.36,3.8500000000000005
2021-01-30,4.26,5.78,17.68,0.6,3.0100000000000002
2021-01-31,3.45,2.55,20.790000000000003,14.43,4.130000000000001
2021-02-01,3.5500000000000003,4.8,15.930000000000001,0.74,4.48
2021-02-02,3.5,8.1,17.55,2.96,3.5000000000000004
2021-02-03,3.5500000000000003,3.3,14.850000000000001,21.83,2.87
2021-02-04,3.75,13.799999999999999,16.470000000000002,17.759999999999998,4.760000000000001
2021-02-05,3.7,5.1,16.740000000000002,20.35,4.41
2021-02-06,3.5500000000000003,1.7999999999999998,16.740000000000002,18.87,4.48
2021-02-07,3.7,6.3,19.8,45.54,2.58
2021-02-08,3.5,3.96,21.3,44.88,3.6599999999999997
2021-02-09,3.6,5.76,21.9,34.980000000000004,2.76
2021-02-10,3.4000000000000004,11.16,21.0,38.940000000000005,3.6599999999999997
2021-02-11,3.6,13.86,19.8,35.64,2.28
2021-02-12,3.8000000000000003,3.96,19.2,42.24,4.32
2021-02-13,3.45,12.6,15.0,26.400000000000002,1.08
2021-02-14,4.56,2.2800000000000002,20.46,38.64,4.340000000000001
2021-02-15,4.68,10.64,24.42,43.47,3.6400000000000006
2021-02-16,4.859999999999999,6.46,23.43,37.26,3.9200000000000004
2021-02-17,4.859999999999999,4.18,27.060000000000002,31.049999999999997,6.0200000000000005
2021-02-18,4.8,19.0,24.42,48.3,5.32
2021-02-19,4.92,10.83,24.75,47.61,2.7300000000000004
2021-02-20,4.859999999999999,9.69,26.73,47.61,5.32
2021-02-21,5.95,7.03,34.03,48.16,9.0
2021-02-22,5.390000000000001,10.26,36.08,62.78,6.569999999999999
2021-02-23,5.670000000000001,10.64,37.309999999999995,62.78,5.31
2021-02-24,6.090000000000001,10.64,37.72,86.0,5.67
2021-02-25,6.44,12.92,36.9,51.6,7.29
2021-02-26,7.000000000000001,4.37,36.08,73.96,8.28
2021-02-27,6.23,7.22,36.489999999999995,82.56,8.19
2021-02-28,6.090000000000001,22.94,43.0,96.0,4.859999999999999
2021-03-01,5.180000000000001,9.99,34.83,72.96,3.96
2021-03-02,5.32,20.72,36.98,71.03999999999999,4.2299999999999995
2021-03-03,5.53,28.49,38.269999999999996,79.67999999999999,4.95
2021-03-04,5.880000000000001,6.29,36.98,76.8,5.13
2021-03-05,6.23,11.47,43.0,72.96,5.13
2021-03-06,5.180000000000001,7.03,38.7,91.2,6.029999999999999
2021-03-07,5.53,5.5200000000000005,38.22,85.0,7.0200000000000005
2021-03-08,5.74,5.98,35.28,83.0,5.2
2021-03-09,6.510000000000001,7.82,34.44,100.0,8.71
2021-03-10,5.95,2.99,37.379999999999995,85.0,10.66
2021-03-11,6.23,11.040000000000001,39.9,85.0,9.620000000000001
2021-03-12,7.000000000000001,5.0600000000000005,39.059999999999995,88.0,10.4
2021-03-13,5.250000000000001,3.45,37.379999999999995,72.0,13.0
2021-03-14,4.4399999999999995,7.22,37.0,15.079999999999998,11.52
2021-03-15,4.14,15.2,27.38,6.67,4.92
2021-03-16,4.38,20.14,27.75,4.93,7.92
2021-03-17,4.32,18.240000000000002,29.23,4.35,6.12
2021-03-18,4.5,12.92,27.38,4.93,7.68
2021-03-19,4.38,16.72,24.419999999999998,4.93,7.319999999999999
2021-03-20,4.4399999999999995,11.02,28.49,6.09,9.84
2021-03-21,5.180000000000001,5.18,23.43,4.8,7.300000000000001
2021-03-22,4.9,16.28,25.740000000000002,6.24,6.0
2021-03-23,5.180000000000001,14.43,23.1,3.84,3.4000000000000004
2021-03-24,5.180000000000001,12.95,21.78,4.56,5.2
2021-03-25,5.180000000000001,21.46,24.42,5.04,4.9
2021-03-26,5.53,37.0,19.8,4.32,6.300000000000001
2021-03-27,5.180000000000001,9.25,20.46,1.92,6.300000000000001
2021-03-28,4.38,7.04,19.8,7.000000000000001,6.7
2021-03-29,3.9,11.200000000000001,20.7,7.000000000000001,7.0
2021-03-30,4.26,13.120000000000001,19.8,5.6000000000000005,4.9
2021-03-31,4.68,19.2,20.099999999999998,7.000000000000001,6.4
2021-04-01,5.7,17.6,26.4,19.32,8.200000000000001
2021-04-02,5.7,24.32,23.4,16.520000000000003,8.4
2021-04-03,4.92,12.16,25.5,26.320000000000004,8.1
2021-04-04,5.7,9.24,26.389999999999997,16.0,8.4
2021-04-05,6.0,11.760000000000002,28.999999999999996,24.75,9.3
2021-04-06,5.04,9.24,22.04,16.0,8.6
2021-04-07,4.62,15.680000000000001,20.88,16.25,8.1
2021-04-08,5.22,21.000000000000004,22.04,21.75,7.7
2021-04-09,4.9799999999999995,28.000000000000004,20.009999999999998,13.5,8.8
2021-04-10,4.859999999999999,7.5600000000000005,22.33,15.75,10.0
2021-04-11,4.68,9.24,27.28,21.87,5.85
2021-04-12,4.68,13.44,24.18,25.380000000000003,7.56
2021-04-13,4.62,10.5,26.35,19.17,6.029999999999999
2021-04-14,4.8,12.389999999999999,30.38,15.66,6.4799999999999995
2021-04-15,5.04,8.61,27.28,27.0,8.459999999999999
2021-04-16,5.22,8.82,22.94,22.950000000000003,5.85
2021-04-17,4.9799999999999995,9.87,23.56,16.740000000000002,8.28
2021-04-18,3.75,11.700000000000001,22.41,10.34,4.0600000000000005
2021-04-19,3.8000000000000003,17.16,20.520000000000003,12.98,3.7800000000000002
2021-04-20,3.8000000000000003,10.92,20.25,13.2,4.48
2021-04-21,3.6,14.56,19.17,20.24,4.760000000000001
2021-04-22,3.6500000000000004,21.32,17.28,11.66,3.9200000000000004
2021-04-23,4.15,13.52,19.71,16.94,3.9200000000000004
2021-04-24,3.85,7.800000000000001,21.6,14.08,5.880000000000001
2021-04-25,3.95,6.38,18.98,14.580000000000002,4.41
2021-04-26,3.5500000000000003,12.540000000000001,20.02,25.650000000000002,4.340000000000001
2021-04-27,3.7,7.26,20.54,23.220000000000002,5.390000000000001
2021-04-28,3.6500000000000004,14.74,18.98,20.790000000000003,4.48
2021-04-29,3.75,10.78,17.94,23.220000000000002,4.2
2021-04-30,3.85,9.46,18.72,16.740000000000002,2.9400000000000004
2021-05-01,4.800000000000001,16.28,24.7,17.28,4.41
2021-05-02,4.65,2.75,20.24,10.64,4.859999999999999
2021-05-03,4.9,7.25,22.0,18.48,4.68
2021-05-04,4.55,12.0,19.36,19.32,4.62
2021-05-05,5.0,22.25,20.02,18.76,3.84
2021-05-06,4.9,17.5,18.7,24.360000000000003,6.0
2021-05-07,4.7,20.5,17.38,15.120000000000001,3.36
2021-05-08,4.55,5.75,17.38,17.360000000000003,4.4399999999999995
2021-05-09,3.7600000000000002,10.5,19.8,13.33,5.22
2021-05-10,3.52,14.399999999999999,19.0,31.0,3.7199999999999998
2021-05-11,3.56,30.0,16.0,22.63,3.0
2021-05-12,3.36,21.9,15.0,17.98,5.76
2021-05-13,3.4,25.8,14.4,25.11,4.02
2021-05-14,3.4,20.7,14.600000000000001,17.36,3.84
2021-05-15,3.24,12.9,14.8,15.19,4.8
2021-05-16,3.4,4.2,14.96,14.57,2.58
2021-05-17,3.68,9.8,12.24,28.83,3.48
2021-05-18,3.16,15.4,10.88,24.8,5.16
2021-05-19,3.24,13.4,10.88,23.87,4.26
2021-05-20,3.24,10.0,9.690000000000001,27.28,4.5
2021-05-21,3.48,8.200000000000001,8.67,13.95,5.22
2021-05-22,3.2,2.2,9.01,14.879999999999999,4.02
2021-05-23,3.0,2.75,10.360000000000001,7.13,1.9500000000000002
2021-05-24,2.88,14.0,7.5600000000000005,8.97,2.35
2021-05-25,3.16,20.25,8.120000000000001,12.65,4.3
2021-05-26,3.0,12.5,7.5600000000000005,12.65,2.75
2021-05-27,3.16,19.75,5.880000000000001,17.94,2.45
2021-05-28,3.12,23.75,7.98,11.040000000000001,3.95
2021-05-29,3.08,17.5,8.540000000000001,9.89,2.35
2021-05-30,3.08,6.84,8.58,19.139999999999997,0.8999999999999999
2021-05-31,2.96,14.82,6.11,22.33,2.19
2021-06-01,3.52,7.6,10.14,21.169999999999998,1.74
2021-06-02,4.0,3.42,11.18,26.68,1.53
2021-06-03,3.72,7.6,10.27,28.999999999999996,1.53
2021-06-04,3.36,9.5,9.75,19.72,1.02
2021-06-05,3.48,1.71,12.48,16.82,1.74
2021-06-06,2.58,4.86,11.05,16.79,1.76
2021-06-07,2.25,14.31,9.49,15.870000000000001,2.2
2021-06-08,2.61,27.0,13.0,12.65,2.7600000000000002
2021-06-09,2.61,12.96,10.92,16.330000000000002,1.28
2021-06-10,2.67,6.75,9.75,17.25,3.72
2021-06-11,2.67,24.3,9.75,10.120000000000001,3.16
2021-06-12,2.46,10.260000000000002,10.790000000000001,14.030000000000001,2.16
2021-06-13,2.6399999999999997,4.48,8.03,12.78,2.16
2021-06-14,2.55,6.5600000000000005,8.14,7.02,3.44
2021-06-15,2.31,3.84,8.47,10.44,3.68
2021-06-16,2.4,4.0,7.59,10.08,2.4
2021-06-17,2.4,2.72,8.47,5.76,3.56
2021-06-18,2.34,5.44,7.37,7.38,1.68
2021-06-19,2.4299999999999997,4.8,6.82,8.459999999999999,2.24
2021-06-20,2.31,1.9,7.0,5.040000000000001,1.8800000000000001
2021-06-21,2.25,7.6,6.4,4.62,2.64
2021-06-22,2.4,3.23,5.5,5.6000000000000005,1.92
2021-06-23,2.4,6.2700000000000005,6.800000000000001,4.340000000000001,0.8
2021-06-24,2.58,11.59,5.300000000000001,7.420000000000001,3.4
2021-06-25,2.4299999999999997,10.26,7.6000000000000005,6.44,2.92
2021-06-26,2.31,0.0,6.5,3.7800000000000002,2.24
2021-06-27,2.4899999999999998,6.3,6.66,4.03,2.64
2021-06-28,2.6399999999999997,5.25,4.59,6.24,3.7600000000000002
2021-06-29,2.16,6.93,5.49,2.21,4.0
2021-06-30,2.31,10.709999999999999,6.029999999999999,4.55,1.68
2021-07-01,1.77,7.77,3.5999999999999996,5.07,0.52
2021-07-02,1.71,4.62,3.15,4.16,0.72
2021-07-03,1.68,5.46,3.15,2.73,0.6
2021-07-04,1.8599999999999999,1.17,4.18,2.52,1.26
2021-07-05,1.56,2.8600000000000003,4.73,2.6399999999999997,1.92
2021-07-06,1.65,3.77,4.51,5.88,1.56
2021-07-07,1.68,4.8100000000000005,5.06,2.16,1.56
2021-07-08,1.92,2.8600000000000003,4.18,3.2399999999999998,1.8599999999999999
2021-07-09,2.04,1.04,6.2700000000000005,2.28,2.28
2021-07-10,2.13,2.34,6.16,2.28,1.6199999999999999
2021-07-11,2.68,3.06,8.96,4.37,2.52
2021-07-12,2.64,4.14,8.8,3.42,1.7999999999999998
2021-07-13,2.8000000000000003,5.04,10.08,5.7,1.89
2021-07-14,2.88,1.26,12.32,7.98,7.83
2021-07-15,3.24,6.66,10.72,8.17,5.58
2021-07-16,3.12,10.62,12.96,14.06,2.9699999999999998
2021-07-17,3.36,10.44,13.92,9.69,6.029999999999999
2021-07-18,4.55,2.5200000000000005,22.0,19.14,6.16
2021-07-19,4.4,14.560000000000002,21.12,33.0,10.920000000000002
2021-07-20,5.0,10.64,18.04,29.700000000000003,11.48
2021-07-21,4.5,15.120000000000001,17.38,25.080000000000002,8.4
2021-07-22,4.6000000000000005,27.44,20.24,23.1,14.000000000000002
2021-07-23,4.5,12.600000000000001,21.12,25.740000000000002,12.180000000000001
2021-07-24,4.15,4.760000000000001,19.36,13.860000000000001,9.520000000000001
2021-07-25,3.0,10.92,17.400000000000002,6.08,10.66
2021-07-26,2.96,3.64,18.6,6.88,12.35
2021-07-27,2.96,26.0,15.0,8.0,4.16
2021-07-28,3.0,15.34,15.200000000000001,5.44,5.2
2021-07-29,3.08,10.14,17.2,4.48,8.450000000000001
2021-07-30,3.2,6.24,18.8,3.04,7.67
2021-07-31,2.96,8.84,19.8,5.44,10.66
2021-08-01,3.68,6.970000000000001,17.25,8.96,6.2700000000000005
2021-08-02,4.0,0.0,18.630000000000003,12.8,9.02
2021-08-03,3.2800000000000002,7.82,19.09,14.88,5.94
2021-08-04,3.48,7.82,18.630000000000003,11.040000000000001,6.05
2021-08-05,3.44,7.99,20.93,16.0,5.39
2021-08-06,3.2,8.16,18.17,8.96,7.81
2021-08-07,3.4,5.44,18.17,14.72,4.51
2021-08-08,2.4299999999999997,8.8,21.85,16.150000000000002,5.2
2021-08-09,2.4,7.800000000000001,19.09,13.430000000000001,8.58
2021-08-10,2.37,12.200000000000001,18.17,15.64,7.930000000000001
2021-08-11,2.46,8.0,18.400000000000002,13.600000000000001,13.0
2021-08-12,2.37,10.4,20.240000000000002,14.110000000000001,7.41
2021-08-13,2.4,8.4,21.16,15.47,9.49
2021-08-14,2.52,6.800000000000001,15.64,10.370000000000001,7.41
2021-08-15,2.52,13.8,16.8,3.2,8.28
2021-08-16,2.37,9.200000000000001,19.2,3.2,6.96
2021-08-17,2.34,13.8,22.32,5.4,8.04
2021-08-18,2.34,9.200000000000001,23.04,5.9,10.559999999999999
2021-08-19,2.4,13.57,21.84,5.300000000000001,6.4799999999999995
2021-08-20,2.13,11.040000000000001,20.16,5.1000000000000005,5.52
2021-08-21,1.98,4.83,21.119999999999997,5.7,4.8
2021-08-22,2.19,3.5700000000000003,22.0,3.4000000000000004,4.5
2021-08-23,2.04,8.16,18.04,5.6000000000000005,2.5
2021-08-24,2.4,9.01,19.14,2.1,6.1000000000000005
2021-08-25,2.13,7.82,16.28,3.5,6.9
2021-08-26,1.92,7.82,15.18,4.9,6.300000000000001
2021-08-27,1.8599999999999999,6.12,13.2,5.800000000000001,5.0
2021-08-28,1.8599999999999999,6.800000000000001,13.42,6.9,4.0
2021-08-29,1.8599999999999999,6.6,14.25,2.4299999999999997,5.28
2021-08-30,2.04,13.86,12.73,3.8699999999999997,4.95
2021-08-31,1.95,22.0,13.870000000000001,3.96,6.71
2021-09-01,3.0,16.5,17.1,1.08,5.61
2021-09-02,2.58,16.06,19.0,6.39,5.5
2021-09-03,2.73,5.72,15.77,1.08,9.68
2021-09-04,2.67,3.08,14.63,2.4299999999999997,7.59
2021-09-05,1.84,2.25,12.75,5.2,3.52
2021-09-06,1.62,3.5999999999999996,10.95,3.1,4.64
2021-09-07,1.6400000000000001,1.7999999999999998,11.7,3.8000000000000003,2.64
2021-09-08,1.68,10.95,10.049999999999999,2.3000000000000003,3.44
2021-09-09,1.62,3.75,9.0,3.2,3.12
2021-09-10,1.68,13.2,12.0,4.4,4.32
2021-09-11,1.46,4.05,9.9,2.6,1.76
2021-09-12,1.54,2.66,11.48,2.34,3.96
2021-09-13,1.56,4.75,9.940000000000001,4.68,5.28
2021-09-14,1.6,13.49,9.66,5.8500000000000005,3.41
2021-09-15,1.46,6.65,10.920000000000002,1.9500000000000002,4.95
2021-09-16,1.58,15.96,10.64,13.0,5.83
2021-09-17,1.58,7.03,6.44,6.63,11.0
2021-09-18,1.48,10.45,10.360000000000001,6.890000000000001,7.04
2021-09-19,1.34,7.8,10.500000000000002,3.25,8.0
2021-09-20,1.36,1.7999999999999998,9.8,6.37,4.6000000000000005
2021-09-21,1.48,3.5999999999999996,10.360000000000001,8.58,3.4000000000000004
2021-09-22,1.4000000000000001,5.3999999999999995,8.260000000000002,8.06,6.0
2021-09-23,1.42,11.25,9.940000000000001,7.28,3.0
2021-09-24,1.46,3.9,10.080000000000002,4.29,3.9000000000000004
2021-09-25,1.3800000000000001,4.2,9.66,3.5100000000000002,5.1000000000000005
2021-09-26,1.26,14.840000000000002,10.14,2.4,2.5900000000000003
2021-09-27,1.26,16.8,9.49,2.8000000000000003,2.0300000000000002
2021-09-28,1.34,23.8,8.32,0.96,1.61
2021-09-29,1.32,13.440000000000001,10.66,3.04,3.7100000000000004
2021-09-30,1.6400000000000001,28.000000000000004,9.23,2.24,1.8200000000000003
2021-10-01,1.8800000000000001,28.000000000000004,10.530000000000001,6.5600000000000005,3.5000000000000004
2021-10-02,1.82,11.200000000000001,6.890000000000001,1.28,2.7300000000000004
2021-10-03,1.82,2.47,10.799999999999999,3.12,3.84
2021-10-04,1.6400000000000001,5.89,8.4,4.48,2.52
2021-10-05,1.82,10.83,8.4,3.2800000000000002,2.2199999999999998
2021-10-06,1.7,8.93,9.24,5.6000000000000005,3.0
2021-10-07,1.76,9.31,9.48,1.76,2.16
2021-10-08,1.82,9.5,8.4,2.4,2.6399999999999997
2021-10-09,1.82,5.51,9.48,6.32,1.92
2021-10-10,1.84,2.9000000000000004,12.0,3.15,3.22
2021-10-11,1.7,4.9,9.84,5.9399999999999995,3.0100000000000002
2021-10-12,1.68,3.7,7.68,6.029999999999999,3.0100000000000002
2021-10-13,1.82,0.0,10.32,6.12,4.550000000000001
2021-10-14,1.9000000000000001,2.5,8.879999999999999,4.68,3.99
2021-10-15,2.0,3.9000000000000004,8.28,9.0,3.6400000000000006
2021-10-16,2.0,0.0,7.4399999999999995,4.59,2.9400000000000004
2021-10-17,2.0,10.92,9.84,8.3,1.56
2021-10-18,1.7,18.72,9.84,9.4,2.52
2021-10-19,1.68,15.600000000000001,8.4,2.1,2.1
2021-10-20,1.86,24.96,9.48,10.0,1.92
2021-10-21,1.96,9.36,11.4,2.9000000000000004,2.88
2021-10-22,1.86,16.12,7.68,5.9,4.02
2021-10-23,1.8,17.94,8.52,8.200000000000001,3.12
2021-10-24,1.68,5.460000000000001,12.22,4.6000000000000005,11.0
2021-10-25,1.94,1.6800000000000002,12.74,9.3,8.8
2021-10-26,1.94,1.6800000000000002,12.610000000000001,7.1000000000000005,7.04
2021-10-27,1.8,8.260000000000002,11.31,7.1000000000000005,5.28
2021-10-28,1.9000000000000001,3.3600000000000003,12.09,5.1000000000000005,9.24
2021-10-29,1.98,5.180000000000001,10.66,5.9,8.36
2021-10-30,1.98,5.74,7.67,5.800000000000001,8.91
2021-10-31,1.98,7.949999999999999,11.18,8.4,7.9
2021-11-01,1.4000000000000001,1.3499999999999999,6.5,5.85,4.1000000000000005
2021-11-02,1.52,4.95,7.800000000000001,13.5,3.2
2021-11-03,1.34,2.4,6.76,3.0,3.2
2021-11-04,1.6400000000000001,6.3,6.76,7.6499999999999995,5.5
2021-11-05,1.6600000000000001,1.3499999999999999,6.76,7.949999999999999,4.6000000000000005
2021-11-06,1.62,4.35,5.33,9.15,4.5
2021-11-07,1.4000000000000001,5.88,9.860000000000001,10.24,2.76
2021-11-08,1.6,17.22,9.860000000000001,10.72,4.68
2021-11-09,1.5,6.93,10.71,6.24,6.0
2021-11-10,1.56,6.93,10.030000000000001,8.0,7.92
2021-11-11,1.76,5.04,11.73,7.68,6.96
2021-11-12,1.8800000000000001,3.57,10.370000000000001,7.5200000000000005,4.8
2021-11-13,1.6400000000000001,4.2,13.090000000000002,6.72,6.359999999999999
2021-11-14,2.28,7.28,13.4,7.2,11.56
2021-11-15,2.37,10.4,14.200000000000001,10.88,8.33
2021-11-16,2.6399999999999997,23.400000000000002,14.8,7.2,11.73
2021-11-17,2.61,17.42,15.4,7.36,12.07
2021-11-18,2.79,15.600000000000001,14.600000000000001,7.04,17.0
2021-11-19,3.0,4.68,15.0,9.76,11.9
2021-11-20,2.4299999999999997,9.88,15.4,7.84,9.520000000000001
2021-11-21,2.88,7.840000000000001,19.36,10.34,9.520000000000001
2021-11-22,2.55,15.680000000000001,18.92,18.26,12.24
2021-11-23,2.88,11.200000000000001,16.72,12.76,14.790000000000001
2021-11-24,2.67,13.440000000000001,15.4,16.72,14.790000000000001
2021-11-25,2.6999999999999997,15.120000000000001,15.4,22.0,11.56
2021-11-26,2.73,18.76,22.0,15.84,7.99
2021-11-27,3.0,2.5200000000000005,17.82,9.68,9.350000000000001
2021-11-28,2.88,14.76,20.470000000000002,16.1,9.299999999999999
2021-11-29,2.58,29.52,20.470000000000002,15.870000000000001,5.1
2021-11-30,2.67,41.0,19.78,19.78,6.45
2021-12-01,1.71,15.579999999999998,5.29,18.630000000000003,7.199999999999999
2021-12-02,1.56,16.4,5.0600000000000005,16.560000000000002,8.549999999999999
2021-12-03,1.77,12.709999999999999,4.37,17.25,4.95
2021-12-04,1.71,4.51,5.29,12.88,4.6499999999999995
2021-12-05,1.06,2.97,6.0,17.82,5.7
2021-12-06,0.88,5.4,5.25,5.22,4.95
2021-12-07,0.98,6.48,6.0,9.36,4.5
2021-12-08,0.98,2.97,6.5,10.08,8.4
2021-12-09,0.9400000000000001,7.290000000000001,5.5,6.84,4.2
2021-12-10,1.0,7.5600000000000005,5.25,12.059999999999999,4.6499999999999995
2021-12-11,0.96,6.210000000000001,6.25,11.52,5.85
2021-12-12,1.47,7.22,9.860000000000001,7.04,8.36
2021-12-13,1.56,11.4,8.84,9.6,8.55
2021-12-14,1.56,7.98,9.860000000000001,7.68,6.46
2021-12-15,1.65,12.16,9.860000000000001,11.36,8.17
2021-12-16,1.56,11.78,11.9,5.44,9.69
2021-12-17,1.5899999999999999,7.98,10.200000000000001,6.72,11.59
2021-12-18,1.65,12.540000000000001,12.58,4.8,7.6
2021-12-19,1.6199999999999999,17.28,24.8,7.3100000000000005,9.31
2021-12-20,1.71,36.0,26.04,5.44,8.74
2021-12-21,1.74,44.64,29.14,10.71,7.41
2021-12-22,1.8599999999999999,38.16,32.86,9.520000000000001,7.03
2021-12-23,2.1,47.519999999999996,36.58,11.39,10.45
2021-12-24,2.6399999999999997,47.519999999999996,41.54,5.95,7.98
2021-12-25,2.4,25.2,50.839999999999996,16.490000000000002,7.98
2021-12-26,3.08,86.0,97.0,12.24,19.040000000000003
2021-12-27,2.8000000000000003,100.0,100.0,20.16,20.44
2021-12-28,3.08,70.0,100.0,22.32,18.48
2021-12-29,3.64,67.0,95.0,24.0,18.76
2021-12-30,4.0,62.0,95.0,16.08,28.000000000000004
2021-12-31,3.2800000000000002,67.0,74.0,11.04,13.72
2022-01-01,4.0,33.0,100.0,14.399999999999999,15.400000000000002
2022-01-02,3.24,41.3,74.25,14.16,16.24
2022-01-03,2.8000000000000003,39.9,68.25,24.0,13.34
2022-01-04,3.12,61.599999999999994,62.25,14.639999999999999,15.95
2022-01-05,3.08,60.9,59.25,7.199999999999999,22.33
2022-01-06,3.3200000000000003,50.4,57.75,17.28,28.999999999999996
2022-01-07,3.04,35.699999999999996,56.25,21.36,23.2
2022-01-08,3.3200000000000003,35.0,51.75,14.639999999999999,23.49
2022-01-09,2.2199999999999998,34.0,31.0,16.15,12.88
2022-01-10,1.8599999999999999,54.4,29.0,14.82,14.72
2022-01-11,2.31,83.3,27.0,10.64,19.55
2022-01-12,1.92,63.75,26.0,10.64,14.950000000000001
2022-01-13,1.71,85.0,22.5,8.17,11.5
2022-01-14,1.95,62.9,24.0,6.46,8.97
2022-01-15,1.8299999999999998,54.4,28.5,4.94,10.120000000000001
2022-01-16,1.68,33.37,25.080000000000002,13.0,10.799999999999999
2022-01-17,1.53,24.439999999999998,18.04,16.8,7.56
2022-01-18,1.89,24.91,20.68,10.600000000000001,9.0
2022-01-19,1.5899999999999999,27.729999999999997,20.68,15.8,9.36
2022-01-20,1.6199999999999999,15.51,22.0,5.4,6.66
2022-01-21,1.47,0.0,20.24,12.200000000000001,5.9399999999999995
2022-01-22,1.44,13.16,18.92,7.0,5.76
2022-01-23,0.9400000000000001,5.18,18.0,2.6999999999999997,4.8
2022-01-24,0.9400000000000001,16.28,14.04,3.8699999999999997,3.5999999999999996
2022-01-25,0.98,15.91,12.6,0.8999999999999999,3.2399999999999998
2022-01-26,0.9400000000000001,13.32,14.04,2.9699999999999998,4.08
2022-01-27,0.98,9.25,12.959999999999999,1.3499999999999999,3.96
2022-01-28,0.8,11.47,11.52,0.99,3.5999999999999996
2022-01-29,0.96,13.32,12.6,3.5999999999999996,2.16
2022-01-30,0.8200000000000001,6.38,8.5,2.79,2.08
2022-01-31,0.8200000000000001,8.7,7.25,2.34,1.6
2022-02-01,1.94,21.459999999999997,25.0,9.0,5.92
2022-02-02,1.98,15.37,25.0,7.29,7.68
2022-02-03,1.9000000000000001,15.37,19.75,4.59,6.0
2022-02-04,1.74,12.76,18.75,4.68,4.48
2022-02-05,1.82,14.209999999999999,18.0,6.21,3.68
2022-02-06,1.6400000000000001,9.72,17.6,1.36,5.53
2022-02-07,1.6400000000000001,11.610000000000001,16.0,2.84,4.550000000000001
2022-02-08,1.86,17.55,12.0,1.24,5.670000000000001
2022-02-09,2.0,27.0,16.6,0.84,6.580000000000001
2022-02-10,1.7,8.91,13.600000000000001,1.28,5.11
2022-02-11,1.7,12.420000000000002,12.600000000000001,0.44,1.8900000000000001
2022-02-12,1.8,7.0200000000000005,14.600000000000001,0.48,3.8500000000000005
2022-02-13,0.79,2.21,11.05,2.96,4.08
2022-02-14,0.73,12.750000000000002,10.370000000000001,2.44,3.9
2022-02-15,0.76,7.140000000000001,10.540000000000001,1.6,3.0
2022-02-16,0.74,1.87,10.71,0.4,3.3
2022-02-17,0.77,9.350000000000001,9.01,0.4,3.06
2022-02-18,0.73,3.91,9.350000000000001,1.32,0.96
2022-02-19,0.75,4.42,12.920000000000002,0.0,6.0
2022-02-20,0.78,6.800000000000001,9.100000000000001,0.65,2.0
2022-02-21,0.71,3.5700000000000003,8.260000000000002,3.0,2.7600000000000002
2022-02-22,0.72,3.5700000000000003,7.000000000000001,2.5,1.2
2022-02-23,0.68,11.39,6.16,1.6,1.24
2022-02-24,0.64,5.2700000000000005,6.300000000000001,1.0,0.76
2022-02-25,0.63,5.44,6.0200000000000005,1.5,1.0
2022-02-26,0.64,0.0,6.580000000000001,1.85,1.92
2022-02-27,0.76,8.58,5.64,0.39,1.72
2022-02-28,0.65,4.16,5.3999999999999995,1.2,1.0
2022-03-01,0.9400000000000001,4.68,5.3999999999999995,1.7999999999999998,2.32
2022-03-02,0.89,7.0200000000000005,5.279999999999999,0.44999999999999996,2.32
2022-03-03,1.0,6.76,6.0,0.44999999999999996,2.92
2022-03-04,0.87,4.8100000000000005,6.0,0.9299999999999999,3.44
2022-03-05,0.86,0.0,4.08,1.08,1.6
2022-03-06,0.84,2.42,7.36,0.54,2.0
2022-03-07,0.8,10.12,7.68,0.9299999999999999,3.04
2022-03-08,0.9400000000000001,7.92,7.2,0.44999999999999996,2.68
2022-03-09,0.9400000000000001,1.98,10.24,0.44999999999999996,2.72
2022-03-10,0.91,2.09,8.8,1.89,2.08
2022-03-11,0.87,8.58,9.120000000000001,1.47,2.16
2022-03-12,0.9400000000000001,0.0,10.88,0.57,3.3200000000000003
2022-03-13,0.9,3.96,16.2,1.1099999999999999,4.1000000000000005
2022-03-14,0.84,8.01,13.600000000000001,2.2199999999999998,3.3000000000000003
2022-03-15,0.92,3.06,15.600000000000001,1.68,3.1
2022-03-16,0.86,3.06,15.600000000000001,0.42,3.5
2022-03-17,0.96,1.53,14.4,0.87,4.3500000000000005
2022-03-18,0.9500000000000001,3.42,13.600000000000001,0.48,3.5
2022-03-19,0.88,0.0,13.8,1.65,3.5500000000000003
2022-03-20,0.85,5.9399999999999995,23.0,1.1099999999999999,1.8299999999999998
2022-03-21,0.8,3.33,15.41,1.8299999999999998,0.51
2022-03-22,0.87,1.71,17.71,0.96,0.8099999999999999
2022-03-23,0.92,5.04,17.02,0.9299999999999999,1.29
2022-03-24,0.86,1.6199999999999999,19.78,0.44999999999999996,2.46
2022-03-25,0.93,1.71,15.41,0.96,2.37
2022-03-26,0.86,1.98,19.09,0.57,0.63
2022-03-27,0.84,4.37,16.53,1.17,0.44
2022-03-28,0.71,13.11,14.06,0.87,2.24
2022-03-29,0.85,6.65,13.3,0.0,3.2800000000000002
2022-03-30,0.84,19.0,14.63,0.84,4.0
2022-03-31,0.79,12.92,13.49,3.0,1.8800000000000001
2022-04-01,0.92,8.55,10.26,1.14,2.44
2022-04-02,0.9500000000000001,7.41,12.73,0.6599999999999999,1.4000000000000001
2022-04-03,0.87,1.69,15.77,0.0,1.76
2022-04-04,0.88,2.8600000000000003,12.540000000000001,0.0,1.16
2022-04-05,0.87,4.29,13.3,0.36,2.04
2022-04-06,1.0,5.33,15.01,0.34,2.52
2022-04-07,0.97,2.73,13.49,0.34,3.36
2022-04-08,0.8300000000000001,1.4300000000000002,13.870000000000001,0.36,2.0
2022-04-09,0.78,1.56,15.2,2.0,2.24
2022-04-10,0.74,3.7800000000000002,18.27,0.9,1.3499999999999999
2022-04-11,0.9,4.62,18.27,0.38,1.3499999999999999
2022-04-12,0.8200000000000001,6.580000000000001,14.49,0.0,1.2
2022-04-13,0.78,0.0,18.689999999999998,0.4,1.47
2022-04-14,0.81,6.720000000000001,17.849999999999998,0.8200000000000001,1.47
2022-04-15,0.7000000000000001,7.280000000000001,18.48,1.3,0.78
2022-04-16,0.77,2.1,16.169999999999998,0.5,0.6
2022-04-17,0.86,11.28,11.59,0.0,3.1500000000000004
2022-04-18,0.89,0.0,16.15,0.0,4.5
2022-04-19,0.8,12.719999999999999,14.06,1.06,5.0
2022-04-20,0.78,5.04,15.96,0.0,2.5
2022-04-21,0.84,24.0,14.82,1.5,4.1000000000000005
2022-04-22,0.72,10.799999999999999,13.49,0.38,3.0
2022-04-23,0.73,6.24,11.97,0.44,2.6500000000000004
2022-04-24,0.61,5.85,13.139999999999999,0.44,0.78
2022-04-25,0.84,4.05,14.219999999999999,0.92,1.65
2022-04-26,0.71,10.2,14.04,1.1400000000000001,0.44999999999999996
2022-04-27,0.7000000000000001,1.65,10.62,1.1,1.3199999999999998
2022-04-28,0.7000000000000001,3.3,12.059999999999999,0.0,2.46
2022-04-29,0.71,3.0,11.879999999999999,0.0,1.98
2022-04-30,0.67,0.0,18.0,0.0,0.0
